3422445336235842747226623979451284644788593556234563483755458563477877585692774519487775553824591745
3234117833333631332251333312512222483622152242222222313222232243821345653466665422223223324159332325
2121223312222142223122171282212523212421242122322114323122252323122222221343332422332222232222121121
6352516566252422324455242622521344385122222532225833555211322537334121323212843552221253122494255525
5433543922462623152342535434224554523255452441522624356456455522334475255431384723253443253397134484
6222225322434224224224522733346425235312323224532425222254324532574453524227332235232333323584222355
2215326123622464834245431284362122433562272483412556554121463833344414532134245435234541224326151244
2134252233223323313243333233243213331333523545325333432523533422333232583323233413323333831435352122
6632656225825528262136284254222972154232223424388533227222252285824386592723585548258637625266323232
2512535522643554342316135343383532525432233334624442424423223223244342145133232423223333143213422242
2653363531231665323454246756565726374776132449546455625636691533964246752243764482746856725244924526
3332132373432434333232231325232321152212333233122341233232423133333313231333321223332232532322132232
2574538524744674353325562423333333324462372826343323724443346633334447212724525433645574722149446323
2644323222353233223332231223845552313833341533242322223323433222434228232332315383422822348133422323
4222422221123221222211223222221243422231222212153351321414214132224544532122223222312242212223423225
5535491646363447914486747775453165443865376335642354345374634666958346446862974643664335565255548345
6477764646344647639684769536842745445354866542556689652634554354375427644256565649474444635437244466
2268422574942321223487292762622527222621624724217162212234278221215228626656427178612354324222922235
2225432555335221214225434242253252521342116544431124222412222235124126342551262432433342533223346232
5784759778776787685686958667777667577977878676687686787746496975555797598978767439578768767777687564
5756247483657585656575544577365949974846699547768867455647918439344455575583536445757456368545545846
2335362643322565312214313722224356342555444362222222444413531322341322323242425254245224211535422514
4722255111323222324331232142552453155522324541543421132232224451511363224342121158133154222542226165
5356255552346245262523223652438323522452563353512452552233333434453531232334134432342261454253243323
8787577983365533427776563223987489544757638673557697893562346736537568463374832236923465684336677777
5254311315253414233342433236133424324233422222524673251232334415513243234352742221232142522441461236
3565246341363123433434644654332523333226344424353573343235226732465323353138344332535345334344462363
5243446534443464342422732258342424453532365414424244446244635421554543345124443424233244242529444643
2233134213422283421312222125114323425243133224232243632123362221332343222313231122412244222262332234
8538333874633351312542363376242343833123353452233575232143375123243333254452215548332235238313355133
5875444434253255446742434458432326452232694534333372444221534664433462623432323424362333113365219254
4323353344355453353335591344452544532534353411333333335227458454253354453535332333425225534423193438
5554645643624573542545552754954349447565454649479734459453453375374647853874234557465475595526443554
4531366635135445434412123636542663221266514526436612366154141253154513115446365646324526345215231789
2622739212323173442342455234342373342335613561522433538253242113453253334222653523374141322223355344
2333212532234232232339443733239233433333133333331342243925373122236371311393313533333333344339232245
6545655353156365245863556456376574577444432444655564453345344562226665267434445455235495624262522646
2323625534228554432622433245336336243655187665525224625153342624613213463254254354345455422225543252
4434544446455644443543445473445443446424464424444434343464444432443344444544456344443444344543444445
1322122227222133122522122232213352221123222242332222322222122229221432222222322222212132443413212122
3373471711653772464211312555617361261431213346146262311556714626157722122215177771535464337744262389
5273447414643743321423883633242254242424224225374632442213744242345343234422423536343744444435553236
2433542342431122452542222235642136457153135215225222352311134632452223226223333462261213232151133256
8845433356344854255376424732725338333565636723637544862294866645868378231133883323282635758636334257
2343344243523333333432513653324343323212224433733333463333365368534533536322523237432723635235372221
7876445656865475748763677736667927575666464664357546668754667679796466864756785878354877674456685344
4322721152122522232322223324253221222215332222222312222512241232112223225328322232222222222422324214
1223242225424457325944461411552253225375242223323737125232124354251415244225334534342365134555248544
4353553265532424342434353343646244635343454543353263426458332442455564235255334446383825331622553244
3342355232241413323495363342313342334312532222235361123335434432113314332143253354223324325443133323
5317454554616541435267544745564345535444454554426455856424554644426564533456247612545627463343354344
7351212425822572222224122221322219332622842232622412224234691634427394141452295252268344223251233222
3534222422223248335212442215413265323223222322244225313222426222123422126122224213321265533344163236
3862524232255622244426463545231553425465224522643352533233242656323335543424521263353462532456525626
3123333333323333334323333333333333333434133342333333233331323334233323333233423323333333322233332313
6963465545525438665445562376544622656146626447265466356464654554564464556364734266665466575524466733
4246243234583753224761247624347163673324673532734412353464732823336243757643523733722332462834438333
3232522252233221342222323442222523211111223322231644255243133352432336132233344225112122112222426422
9227329136662584777229327365545243194261242415652686542284964322432388334779324336192546823434316632
8978475677865965877789996988788977788854868468658397789864588787988878689888678587498848986687886666
2433334244233336223732433453525232222333334154225244243334443236423232423132214526426221244234223321
4548452341643345442462443554446544333345235551435525735165552331335451323221755452435453363324553225
3431347224133324313323453331344114254345723332233313333333251234333343442434313334434323323733334352
2242362222531432222122927474823222142324464231282332244122332232212231124244322262221212433342215231
8233634333432447363432346446233433423163734123242513244362333632322224223733413333524344114653223223
4477456435953543454526577775574332514654843462625764726676434237737687344353457473674357652263652724
2212432463242322442432212312535214222246443422124222423244322323414363632232416244264162244231224324
2423242342313121232343121222242242323334332263245423254225422222233427421242222212222222242321132225
4342534111253353452553114425315732326334462456323454457443335433425343225223561337245743324325622363
4525251325232561854255122252223615632452222225225521242245355235525351422225423234243242222252325252
2543243343243435424245643232423334342243542423373424333344333544244124735323333243331324684234226373
2444433243433545424444544445436845427554344353544344647444444433442344345544347414344434433634448435
5476943443524324446225422472222722411423254232145242662563324242436654253335726373343223552732336512
3322333331223333333323323333332424333433332333333333333334343223343151232433334423133333233432223333
3443233223264734342223223353236433145423232344432732224323341362122213712371625273443233233334232333
3255224434415325225225333331248541234552463222254338445233515443536322454339223357545464234333324512
3442312322324323241231322243423222314242131321431421242414223141413224421121433234224312434343156789
3243433333554545223334433324334243434323833433343334323233333244334333332534444445432133241433333234
3334143222213524134223432231333354533943832331214243232239422321322322222229323378312433312123232221
3934959642317634855483863524654442433544482764895853434386698883345833854725243533635359666522568721
6252224223234223213241222325212311216222141222823233213222421521222222213222632512312213622343212221
3335331543333533726313332333348433435325312434233323334334335322233243334623233453533333353333233333
2157224222222222221334912126222222122242232232422622275232122761221224222213242222231292638421262232
2221232142122422225223226322232421232153221922223111223311222126222212223225252232211223272423226222
2323223396632424214412222314322334312622336424132642315244212423423522232234464241222636612393222232
1344133339543334335343333343634322295453234333343533336633333233333343232313522345653535133255353732
1122634333363333245333323433463232333334233233333336333613633133333353543243253223234237242333232122
5445655544596736536441383447754444524952544448335551454425444774565334386643455635435446554555546384
4533442564356443432454253343443856425354353423442424433133333346343444456434534473144333333333422544
3212123222132223212152323331322222223222223453722332212222222226222324152421222232322223332322133222
6121244422342322323333314323334243346265542121231355745423453272243244534333653528323823574132523234
6277352424732346574662432433332654623436364147425425231264363262225257312513357232236533321322325235
6855236522543618422321625512321555363617264545321532324852844414226234325155233433224143444113625252
4145521232353513124253542552213223231115432112451253111223344214232455521235252511332253322153316789
6833423342653322523539775571322824435245233523224663242842543866122333442312434423662641322516244335
1133343433323232312432334334234332122333323323124532333222423224332122132243333424333332232123341323
8844494449444484546348444546453635433424475534412444464844466435475343435444748442443344434447734334
4741733773643853643764731782646747734765337644598347642774277655144744429477573467442454255546364747
2323323315123333644232323653333222222232353323212225336523353323322512334143614223231335222212315512
7323328237259433262237836242271415444643473176256523622433446243246533264364247362247745257564423365
2113634241533553445435625555531526535455437242453235545545255553522232445543243365342514423523252352
4252234473674947743345725244725612527734455344412713245332342634253534444324822423482254494389243474
2222522222222422225223212232521222313232224522422222122222222434222222221222211232526312141222542242
6456766847365953864376877536333487364443376734944385494376365837637537356444674686546856374634968939
4765845555666457645566433564584646556578866646656244959566646676674555965676567455735584666562334534
2211262122222122222231222212232122224221212222222252212122212222222222622132212125222332222121222312
1221223242222131232222222213312212212323221222223222222142222222222222112222122232222232321223192312
3653334443454344444645434338644453424443645534564456345227544446445443343476753634356446353244445642
1222222212233323221122222222213412122222222222232122221142222251251212222222421221222262232231222222
3123415525444364245433315232445425462343424554351643456332552332444433432224322242742424334124637144
3333743733324313833723418733624353333126333232732633333423333338343233236394648332333332234636333344
3393624193593252431143333323335228343332294137613225332326368329224463753223662832176334633243223331
7312332221343314322231232232252323322622572343232336211223324939221221223323532322326232235223923333
7358762788521723733237235626624278333662647778872445285688328782457297893478535831662255872697323346
3555345444524632333355345623325465335454254425455555434553342335545647522333553345533255552333523365
2414334122423122331236222313326322623124223124323222321142212323321323333244123232234133432324122221
6474582772326271413226644226295317882433343716177222441515222324572237948565252328222159322127623328
1242224241214443232442223424423242132221223322232434233444325252222332323225423233222132222341222451
2332223424442352431646411254623463731223262268434233233425352823223233412341232244327343333732432622
4133332233231233333332333333423333223343232332336333333333323334353333431333333311314233353333332554
4321431121261322122412233222331321222512233222244212222253212322823421144132242224222231222121712212
5563332376441336563627194513352233233323634332973646424632333423353614533413733342134631453643434332
4222241342343132323212773424432213462326313332773264331342334132243133326933242322534246324222332544
3443332212431321534362223283222422412223221323322221243212222223232225323134422124234125232425224622
2342238225534222432333253422322436234224332472222444433135442244344445243441225442422425243522533613
2513213334493423322333334612334233337223223215331242433323333433373114632333634313333253233423332222
5453544695543365574585455453355532467234448625426355545845455465525588455655545557455451555594344736
1432732331123433211231323122223333323333422332232333212333222126233222533324343122432422126322233322
3232223447323433323341622542332343433343632333432415343323333332143332122225334315343542333473334353
5341782673817423538842316255388787281882545724122821376458584651148162857412752783166852132282164119
2722122221222222132223222522412222254232221523222422222224363322212221142222242221242424421122121122
7643224448343453412444743424343435253443464324441663234324352334443144322424342443443864447444512435
1896583533764563827377567924897485697285834684449821526445376649465829444455653736645456871625857679
5355294421345316236225363368623536723222343642362153348625553146544854467666322243276614533561435666
4434464545444444324445753345354544433524234452443434545452434444544444441423444444154413422344124444
2542625333535253544524343225535524413234315423222553454353543453355425234455456234253545552322432552
4543434353433344454354344343444357363543225343484223455421334343442434443533512334435444433323344432
2335332231322325113323334632122125232232223332222333223222242222222237333553312322124262263342222336
2112427364113224216151312344224443225218261334421232424332324142222412115225362225224257222345411322
4697433525359759637832753655349288982452531588782744641446453727464543735314657852673167646622545553
6454844345464356434455343434444541545371365563444455645455545545143254532463433547565531343555547434
2452232312311223222211211321323212253235212223192552241221232111223222552258245223252321213332223223
4465376442346433443566654433643344356645345453447514336543526653663534465443444346444455524465435533
4673766555236893327678563634969557621473673483674567366633768267556936715353426755745349645655564738
3331323623322235274433423122323236353322422312243322132225248326334332354323233332224466223833226234
6527855669668468647972685689668668486546486366578852567872567847778586888865786646866935637553626757
2243142153244353211241524643565415344455425244324453135271332422236344563354247252263135441352645235
3213253231231311321335422123322212222121222154222121231112222342545142322732223422232312121232222121
5726826735628432438522254436263422682482523492664532452692247442354456623453243245654274354244322569
1233833423213233341335233334134323213433223333213333333323133233423313323233232241332243323321332333
6755556533622352362753561343636633842437655454743738268478463536567446452226644553553426666643646554
4433454232422332343333312357523453231333323253333437333245332436373233433293533323353423343324322722
3323343334322133323332243231333343332633124321331433323333333313143232623252123132412333335123343422
2242351222324228326422222622222221222513362162321218331332222123222142222222142231551222222328542522
2135548132223212221375545416852132242223522422324622255392122241314135225122244225222224212551221132
2322582253222222332232442312223244222233224232322222533323221553133381232213276223332232343224522215
3443334441534224444342543463487534453436452623432133428647323473125343625465444432232423752258445345
4222322322223526221434222232222532623216252552236226332412452343213413321122215132213225651343525322
3543344943242657414434248424154294434444541444244454444452435454441533442144244435432545355512513744
3734356533337352224284452335373353233431232547217636629455623344723896275243333474353854122734326326
1212333312333122233222222223331143222222224333123432213133222324231222432342212422222212234432332234
3445455474754645544467447448573368623754658843363658345454412877864836485478347882653445433447643347
4434897565575544473356355578451466585993554455955432246647265277673545859615958655239656583533356355
1322322423213442125433333323332223321222322833223216232342134326233232333342323232233216432332322421
3563745383454345545545365384345352433635546454992338553532545765465553334436555557667753364365639856
4225242231222132332446224249244126253233423322323361111421342533224222222221433422125422811228832642
3121241251232222222122122321222222422624163222122193223222252334232222122223222321224422125222122222
3222231124356423225342643252315425142642122432333112263452511222322222322346222422223114242437212532
2441111222251322424241132611222252452312434222222222222221252122712224222226122224122562152111222221
3545342544314425345342321225375545353245433763565472435423533446522443433251445346663535635465433365
4522323233313261333333441223346334222612123433252133223133324323326133222541246251422222353532332222
1222221321225242712221222525222223522222552272213272343272323223122224441115122732521232222222322222
4232522222323233413342333432333223213412332114322331731312383343122233322123333223234314132322421423
2351346323224222213242242242361321242126337432324223226146325425424922241521113235112233141333244341
1653321221515263323263154235222142222133323242332143137341312323222233514721532338632523231433133335
2533333373443374336434233442436332344334344333346464413544645434433415933333233333333373343362432435
1721864332622342344427253453223452555338355345335542421443354233245533533752432332532252152133383242
4444732272157263362723426222912738332612544422722233342633447445265273823252872521334448221112422824
5245352626633463622437434334464335446533393564253884683655842434665286833766525349864333536926435453
3636325123432232222122313133393432343234345935722323223424326124634237232225474359336438474431726213
5226415523525432627335534525425224534734935458564332436527699453573323331429423432536472324653753224
2513422342531322352413243132234672222324346623331232424342223257131454541233672222383242145122438252
3146544467949658344474366347526924233647574355355462865318835797953875553548525542955335475377447453
3262222312322223212323324214232512562243341134343244321214243224522232362224436233221222212241432243
3343332433633542333332163346314226934475214223336523314243224243352235243553433442336633333413432333
3335166544833455445576355545425535465363364435641265654263555444447552459546555525454445237317454743
8264754457452247365533353372516569232483465375527726572335332223924835123936413343323373763537353833
3223212542332221222232221367222442232353136422331432223325332332231621142325223323323333232422233533
3226111211222122244411222212122222222211322412211223211422212222142223122321224212221221225512322252
1822323342252235324328433242974452232922315225335331823244637232241532433252322623323332332253433221
7121232125422432322322321243322222522242224343421432343333232113114122122434524353232232124431433323
6113142322443331212213122334732623253235251322233343232332352332335421414223332322321123122631222233
2322221332542541422212534252535332224544224425222153342244673717844573612444323423425251837744529245
1521222352252333133312551134422416223423241222523228325232421323162434253222434253252322322232425412
6466566666466566566485665633555564465626652241654664656653566665555565566774566656636655866566655666
9243463446264547553622544637456455665475755577564747465552436565645463623546666654667543566565734656
2223115154523324243322335224232433232213423231123241121276132225534444325125127222243123543235222521
2423212334233333231234343313313462237323223323333334316334334341334343332322333422439334344321353233
3323412224233312232225227312333333322222322223533233322237221334336232172252222231222342323135434213
2324332326333332663333233333233333253323314333532335333332433333333323123332122333334323333323233333
