0:
.##
##.
###

1:
##.
##.
###

2:
###
#..
###

3:
##.
.##
..#

4:
#..
##.
###

5:
###
.#.
###

47x39: 64 44 38 43 38 53
43x46: 55 51 38 49 56 56
43x45: 30 41 37 40 37 25
35x43: 27 22 32 22 29 22
39x41: 37 31 45 45 44 46
50x41: 57 56 52 58 58 37
47x39: 30 25 39 27 37 36
48x45: 33 32 41 39 46 49
47x48: 59 57 53 61 64 55
38x44: 29 36 18 22 29 34
46x44: 60 57 50 39 53 49
47x43: 45 60 51 49 48 57
36x42: 36 46 46 36 32 35
45x37: 42 42 38 48 49 40
43x41: 25 31 25 30 33 37
37x38: 36 33 40 33 44 31
49x40: 31 36 27 37 33 44
46x43: 30 36 34 36 33 40
38x38: 20 16 34 24 27 23
42x38: 27 30 29 34 24 24
43x38: 45 36 41 37 41 50
49x36: 42 51 37 48 43 51
38x46: 50 43 36 51 45 46
40x41: 31 45 46 45 53 35
40x50: 60 46 44 58 52 50
35x41: 31 24 21 21 22 24
44x40: 29 33 40 29 26 24
42x36: 35 39 52 37 42 28
45x45: 38 36 26 47 39 38
46x36: 39 38 45 43 40 50
36x36: 35 34 29 35 32 35
43x45: 44 63 40 45 44 60
44x47: 58 51 48 45 58 57
44x40: 36 47 54 49 43 43
37x45: 48 53 42 40 24 46
40x40: 46 36 39 46 49 33
41x36: 38 49 35 33 37 34
38x42: 38 44 42 47 45 32
37x43: 37 43 36 48 40 43
36x37: 33 35 46 35 32 24
40x47: 49 42 51 58 46 46
49x38: 52 47 45 58 51 37
49x42: 36 40 43 32 36 36
47x38: 46 45 47 40 57 40
47x48: 66 66 54 54 48 57
44x50: 61 59 51 61 48 59
38x42: 34 44 40 38 47 43
41x45: 51 50 44 45 52 42
40x40: 40 40 37 47 39 45
49x45: 43 29 38 41 44 45
45x39: 41 59 52 34 43 38
39x45: 42 48 47 40 45 47
45x35: 25 32 23 26 37 22
42x48: 54 40 49 54 64 52
39x43: 43 47 45 40 39 43
46x48: 54 60 52 53 70 52
48x39: 38 29 32 31 32 46
41x47: 30 33 36 27 29 39
46x44: 55 45 45 48 63 56
39x43: 50 46 35 41 46 40
38x37: 24 24 23 29 25 19
48x47: 33 41 49 47 36 34
45x44: 27 37 46 33 35 32
41x48: 27 36 34 40 37 34
36x39: 40 42 35 35 35 29
37x37: 34 26 20 24 20 19
37x39: 29 18 30 24 23 31
35x40: 33 39 37 44 22 41
46x41: 37 53 50 53 56 44
50x38: 29 31 30 30 35 37
39x39: 29 18 31 30 31 29
41x36: 38 42 30 38 35 44
44x36: 34 31 27 17 25 34
42x35: 35 51 42 25 31 38
38x42: 21 29 28 33 30 27
36x48: 43 44 44 44 51 41
36x47: 43 44 45 48 43 39
37x42: 58 30 41 34 41 34
42x42: 39 32 26 29 34 35
48x37: 24 29 34 35 37 33
38x41: 24 27 31 30 27 16
46x49: 58 71 47 57 58 56
48x35: 40 47 50 45 28 47
49x50: 56 72 74 49 67 56
37x39: 32 29 42 28 47 43
43x35: 31 51 37 40 36 37
38x39: 49 36 44 46 26 28
50x40: 43 34 26 26 37 42
45x43: 41 50 57 53 58 41
39x39: 37 32 54 43 30 38
40x44: 26 28 36 34 24 33
47x49: 34 36 47 35 40 48
48x39: 36 36 42 32 29 32
48x40: 53 46 49 55 54 41
39x45: 48 47 53 41 44 36
35x48: 24 29 29 37 28 28
41x36: 34 26 48 33 46 40
36x43: 32 27 34 31 26 17
48x41: 53 50 55 40 57 46
42x39: 33 47 52 40 37 42
36x41: 35 40 31 34 42 45
42x44: 47 62 53 31 33 52
48x42: 42 51 58 51 49 59
43x36: 44 43 31 38 46 37
39x50: 38 27 35 32 41 34
47x49: 58 54 55 59 63 66
43x50: 57 60 56 51 57 49
43x38: 32 44 41 50 49 39
44x38: 55 37 35 38 56 37
42x39: 41 41 41 37 49 43
41x38: 31 31 22 22 24 25
44x39: 40 49 51 36 37 48
49x50: 61 73 61 55 63 62
49x43: 38 44 40 42 29 31
44x41: 26 36 21 43 22 34
50x46: 59 58 72 47 61 54
35x49: 41 38 39 55 42 52
48x43: 61 50 45 63 47 54
46x35: 35 23 24 35 23 25
44x39: 32 32 22 27 32 36
41x41: 32 21 30 25 33 27
40x37: 42 36 34 47 33 38
40x36: 41 44 24 34 30 47
36x47: 55 45 35 39 47 39
49x49: 58 68 52 64 73 57
36x49: 59 47 32 48 42 44
35x35: 20 28 18 15 19 21
45x43: 52 48 61 52 39 45
49x43: 49 50 67 51 50 56
47x44: 58 38 51 45 60 65
48x42: 45 68 46 41 56 52
44x40: 34 42 21 25 24 36
45x44: 40 68 50 53 39 54
50x50: 46 42 37 45 46 39
45x35: 36 43 43 46 45 32
49x48: 34 43 48 41 43 46
42x36: 32 21 28 14 39 34
50x35: 39 47 43 40 51 49
39x37: 31 30 16 23 30 26
41x49: 43 55 56 56 54 47
45x48: 51 64 52 57 49 59
44x48: 42 52 70 58 53 51
46x41: 41 57 43 42 50 56
50x47: 58 61 60 52 65 64
35x48: 46 45 38 36 52 41
41x44: 42 45 44 56 49 45
44x43: 33 35 39 28 33 27
43x38: 36 39 32 53 49 47
44x35: 46 37 43 33 52 26
37x45: 31 27 35 23 35 28
41x48: 57 56 51 52 48 39
40x43: 41 44 53 38 36 50
50x43: 55 53 57 49 68 49
47x36: 46 43 41 47 39 45
45x40: 27 44 39 23 31 31
36x37: 22 26 25 22 26 23
36x42: 42 34 40 47 38 34
46x38: 51 39 54 45 36 43
36x40: 36 38 34 39 41 35
35x46: 42 45 46 32 45 36
43x49: 61 44 50 49 53 66
49x43: 25 32 46 45 44 31
35x45: 43 36 41 50 32 42
39x35: 30 42 35 30 42 31
45x45: 44 56 46 67 52 51
41x41: 34 36 45 46 45 54
38x43: 36 42 38 53 35 50
43x37: 42 48 40 41 32 41
45x48: 47 66 48 55 52 64
45x48: 60 64 47 53 49 58
46x36: 40 38 51 47 40 40
48x38: 37 45 41 62 45 55
35x35: 19 16 16 24 20 25
37x47: 45 40 48 40 48 46
41x40: 36 22 27 35 27 22
46x41: 48 55 50 39 50 46
43x35: 19 29 18 27 30 30
39x38: 37 35 47 40 33 36
46x35: 38 42 39 40 43 46
40x39: 30 21 30 21 29 38
48x40: 53 40 51 47 56 49
42x44: 51 45 37 59 54 43
38x45: 37 53 43 37 47 45
40x41: 24 23 33 33 26 30
37x49: 50 50 42 44 42 50
35x40: 38 39 35 41 27 36
36x42: 27 26 29 33 24 28
48x49: 37 50 42 39 49 38
44x35: 20 26 26 24 28 30
41x41: 31 33 26 28 24 26
48x44: 61 51 55 54 61 44
38x42: 39 22 25 27 31 23
45x44: 30 25 48 42 34 30
44x40: 53 43 41 45 51 39
41x35: 18 22 22 27 31 22
40x39: 31 30 29 29 22 28
37x50: 53 34 51 51 49 48
43x44: 30 31 34 36 37 28
38x36: 26 20 16 28 28 25
39x38: 36 33 41 41 37 41
45x40: 22 33 28 32 44 35
38x48: 25 35 31 33 33 35
45x48: 47 35 48 36 38 35
36x36: 27 39 29 37 41 29
35x50: 37 24 29 27 28 30
39x46: 43 43 50 51 48 43
44x49: 59 57 56 43 52 61
36x48: 53 44 42 38 42 45
46x36: 31 24 40 30 25 30
47x46: 47 52 54 61 66 56
42x41: 24 28 31 25 36 37
47x49: 45 29 36 44 41 45
44x48: 58 49 56 44 59 57
48x35: 49 42 41 35 39 50
45x45: 39 34 43 36 35 37
36x36: 24 26 31 35 40 45
48x48: 50 52 66 57 66 64
36x47: 44 30 57 32 49 46
50x41: 51 42 49 58 50 67
35x38: 38 26 43 30 29 37
49x35: 46 37 54 38 41 46
44x50: 61 69 61 41 53 49
37x49: 48 43 37 40 51 59
47x42: 47 44 55 58 58 45
35x40: 36 36 29 44 35 38
38x39: 30 31 44 36 41 46
48x40: 39 35 57 48 60 58
50x41: 57 61 60 55 50 33
43x39: 26 31 34 29 27 34
36x49: 42 56 45 51 37 41
46x39: 52 47 33 53 45 48
45x40: 27 36 44 23 29 35
50x50: 49 43 38 44 43 39
39x45: 34 24 33 37 38 29
35x48: 55 45 34 46 45 35
38x46: 25 28 36 33 30 28
36x38: 32 34 43 36 35 31
36x46: 31 54 40 46 49 37
44x50: 48 44 40 29 25 38
47x45: 43 41 35 35 39 31
35x45: 22 31 35 24 21 31
43x45: 51 44 62 44 54 42
42x43: 32 34 33 29 38 30
47x49: 68 61 51 54 57 62
50x38: 52 47 40 46 56 52
48x37: 25 33 40 35 30 29
45x35: 42 38 44 44 35 40
39x48: 52 55 46 44 47 43
43x49: 61 45 51 60 52 57
45x40: 45 47 54 32 44 51
46x38: 37 49 37 35 43 65
42x49: 68 51 45 55 43 54
44x44: 27 40 39 28 25 37
39x36: 30 26 26 20 25 28
46x47: 45 35 40 31 41 32
42x39: 47 45 29 51 44 39
40x50: 49 45 49 57 55 55
46x43: 52 52 42 58 60 44
50x36: 52 52 37 42 47 46
35x47: 35 37 48 35 48 49
48x47: 41 41 45 33 37 43
46x47: 36 40 34 47 26 41
41x47: 54 54 60 39 43 43
46x42: 35 32 29 43 34 36
45x36: 43 40 42 40 34 49
35x37: 34 27 26 47 44 27
37x49: 58 45 54 36 45 38
47x44: 33 23 41 39 42 31
41x36: 43 40 34 36 32 41
35x41: 19 26 28 31 19 19
48x46: 44 39 39 42 38 38
39x47: 32 29 39 33 27 35
49x42: 34 44 26 42 42 36
48x47: 37 36 44 41 35 47
46x43: 24 29 36 40 41 40
45x45: 56 47 54 57 44 54
35x50: 31 23 28 32 26 35
39x49: 35 46 30 32 31 33
47x35: 20 28 21 31 33 31
41x49: 48 56 57 54 50 45
44x44: 52 53 52 36 54 48
46x49: 50 42 32 39 37 39
45x47: 59 60 46 53 58 50
50x42: 53 46 57 62 49 58
47x48: 42 45 30 49 33 41
42x41: 30 28 30 34 29 31
42x38: 40 50 40 45 34 37
47x37: 34 28 33 31 25 28
46x37: 36 24 31 31 24 34
42x48: 40 51 31 30 36 36
41x35: 43 37 25 31 49 36
43x43: 40 35 37 22 29 33
43x43: 41 33 36 27 27 32
35x43: 28 23 24 31 28 20
42x50: 51 63 54 45 54 54
41x44: 23 36 31 26 31 34
43x40: 45 40 45 52 49 37
47x37: 48 40 43 47 49 42
46x47: 59 60 54 49 55 54
36x46: 28 32 40 25 30 24
45x48: 54 66 64 42 57 46
48x49: 46 36 35 49 44 45
46x38: 38 46 50 53 48 37
38x37: 25 19 29 24 21 26
35x48: 38 48 46 50 39 39
44x38: 30 27 28 24 28 30
50x39: 41 26 49 31 33 28
37x47: 32 49 51 47 55 36
44x49: 52 67 58 59 47 49
38x40: 30 39 29 48 47 45
46x44: 42 27 32 36 37 35
46x42: 38 29 36 34 44 28
50x37: 45 53 38 57 51 44
50x50: 53 70 72 61 51 75
36x46: 34 31 33 29 29 24
47x47: 55 61 47 57 56 64
44x41: 39 51 42 47 46 53
41x50: 30 31 42 32 44 29
45x43: 55 53 34 59 45 54
48x43: 58 36 58 77 56 40
47x37: 45 47 46 48 40 42
38x45: 41 46 38 45 47 47
40x48: 43 40 27 35 30 32
47x35: 57 39 43 49 39 28
41x38: 22 22 32 33 24 23
47x35: 23 28 32 22 24 35
43x46: 64 49 49 55 38 49
41x43: 29 25 34 25 33 36
49x35: 39 34 16 31 33 23
35x45: 32 26 24 21 36 25
36x50: 52 40 47 44 42 51
35x40: 20 30 23 25 23 22
44x40: 55 54 39 44 40 38
43x36: 32 50 36 42 38 41
47x44: 56 49 45 57 56 57
44x43: 26 42 38 33 31 26
41x39: 48 39 39 35 44 40
38x46: 39 54 45 52 44 37
37x35: 21 26 20 25 19 20
39x36: 40 41 26 32 36 40
40x40: 30 25 33 33 26 21
45x35: 39 40 34 42 40 48
47x42: 55 50 58 51 57 34
45x35: 34 48 37 56 34 37
44x38: 40 36 45 44 45 48
38x48: 44 47 53 48 38 50
38x36: 36 35 35 34 33 37
45x41: 43 51 47 45 45 52
36x36: 21 32 22 21 24 23
47x35: 43 43 43 48 42 36
37x35: 38 34 22 27 41 37
36x47: 28 30 35 29 33 24
39x39: 32 28 28 29 21 31
44x44: 44 55 49 59 51 43
38x35: 37 35 35 31 27 38
48x45: 41 37 39 36 46 41
44x49: 49 54 54 59 55 62
37x47: 45 53 43 41 47 38
46x37: 32 24 34 26 33 30
47x42: 39 40 35 28 34 34
47x39: 47 50 37 47 58 45
43x41: 38 42 53 48 36 54
40x42: 45 47 47 39 40 39
41x36: 34 30 47 41 42 35
43x39: 37 47 54 43 34 42
50x45: 49 63 67 56 58 53
40x37: 36 47 41 33 27 41
46x43: 34 39 24 30 37 46
48x39: 50 49 49 45 46 48
37x41: 26 32 22 26 20 30
39x35: 24 25 23 30 19 21
37x43: 27 24 23 34 33 27
35x35: 27 32 39 32 33 26
42x42: 33 35 25 36 34 32
49x39: 55 49 55 47 37 49
48x36: 23 39 35 31 31 32
44x38: 22 36 28 23 34 24
40x47: 49 51 46 41 46 54
50x40: 60 67 45 42 42 48
44x47: 35 43 28 25 37 42
42x39: 51 34 33 42 53 41
47x49: 38 44 36 40 33 48
42x44: 46 52 43 48 50 46
42x46: 45 45 44 45 56 62
47x42: 59 58 40 61 44 44
44x37: 33 24 23 32 20 35
38x38: 39 38 36 31 47 31
40x46: 43 38 42 49 63 51
44x50: 54 61 56 58 49 60
48x36: 31 30 29 30 40 31
36x46: 22 28 40 31 40 19
46x37: 34 24 31 25 30 36
40x43: 24 26 35 36 33 28
44x41: 35 31 29 33 25 28
48x37: 34 30 30 23 39 36
44x48: 58 61 60 37 44 59
36x40: 42 38 35 40 39 29
49x46: 55 68 48 62 62 54
49x37: 51 57 41 46 38 45
40x44: 42 46 40 49 51 45
40x37: 28 27 27 21 30 22
46x43: 48 59 49 44 54 49
47x50: 68 71 60 56 50 54
38x42: 56 39 39 36 39 35
49x36: 29 22 32 35 38 35
36x42: 34 29 26 31 17 31
36x42: 46 31 45 36 39 35
47x43: 46 34 33 26 37 34
42x42: 46 37 48 41 43 55
36x42: 43 41 34 32 39 42
49x41: 55 55 56 58 51 36
40x36: 41 34 37 38 35 37
43x42: 41 51 51 52 35 48
46x39: 28 35 36 30 34 31
45x39: 39 27 26 30 37 36
37x41: 28 24 28 30 17 28
44x39: 32 29 25 32 32 31
49x37: 43 53 40 55 49 42
43x43: 39 47 53 43 52 50
39x49: 28 53 27 38 30 31
38x39: 21 28 24 27 35 21
35x44: 25 33 24 27 19 25
47x49: 57 48 75 69 56 52
50x35: 32 25 28 24 32 34
38x37: 18 32 18 23 26 27
37x44: 22 29 27 29 32 28
50x50: 57 69 68 69 63 60
40x45: 43 51 42 51 56 37
44x37: 40 34 53 45 43 37
43x43: 41 33 23 29 34 35
41x37: 31 29 30 28 18 20
43x49: 58 56 50 44 63 52
45x39: 34 32 27 33 35 33
49x49: 55 72 59 77 54 56
50x47: 29 34 46 50 46 34
41x47: 50 50 48 49 52 48
45x50: 56 52 76 49 50 60
47x36: 42 52 37 38 50 41
42x36: 26 21 27 28 37 28
46x43: 50 54 41 44 67 49
36x46: 40 47 41 36 42 47
49x36: 60 35 41 40 50 45
35x49: 35 27 30 25 32 26
39x41: 29 28 22 27 31 32
35x46: 31 24 28 29 25 28
40x47: 51 54 37 44 54 49
45x49: 37 32 43 39 41 48
50x36: 44 39 50 44 50 50
46x43: 37 35 35 39 32 32
42x41: 44 55 42 41 50 33
50x44: 44 44 38 32 29 37
41x43: 35 47 38 45 49 58
44x36: 30 32 27 29 31 19
43x45: 54 58 43 52 46 45
38x43: 31 31 39 21 20 25
35x48: 34 60 39 39 46 40
41x38: 27 25 35 20 20 29
45x36: 61 41 40 46 37 25
36x43: 24 21 26 35 29 33
35x49: 29 30 32 22 34 29
44x39: 47 39 46 44 41 47
46x45: 53 60 49 49 48 58
40x41: 25 24 32 28 35 25
39x44: 27 35 27 28 33 31
42x50: 45 34 25 34 48 37
35x48: 29 25 32 34 28 28
50x48: 43 44 41 44 42 41
35x49: 50 39 46 34 43 49
47x47: 30 40 42 38 39 36
48x50: 59 56 68 58 66 62
43x49: 63 52 63 42 54 47
43x48: 42 40 30 44 33 35
45x43: 33 39 34 28 33 42
41x43: 54 41 43 39 46 47
41x50: 39 31 32 44 30 32
37x35: 40 30 38 25 24 39
49x36: 49 39 44 54 52 37
45x44: 32 36 31 36 38 36
40x37: 28 32 25 19 25 26
36x35: 27 28 33 38 33 37
49x40: 46 52 47 54 51 53
46x46: 47 66 49 45 60 57
49x42: 49 45 62 61 51 51
39x36: 19 28 26 28 31 24
48x43: 55 47 50 58 58 52
49x44: 36 38 33 34 35 48
35x41: 22 26 32 15 21 26
42x49: 52 50 52 47 66 50
46x38: 33 38 59 50 46 45
42x37: 34 35 49 41 43 38
46x37: 41 32 39 48 70 37
46x41: 38 49 54 48 54 48
39x36: 26 23 29 21 27 29
38x38: 37 39 35 36 43 33
39x41: 35 27 25 22 32 28
49x37: 29 29 37 41 35 21
45x50: 55 49 56 64 69 57
46x35: 52 35 40 38 54 30
49x37: 37 36 22 30 32 34
47x38: 46 42 42 47 44 54
38x37: 38 32 35 31 36 43
36x44: 41 46 45 28 44 37
40x49: 44 51 58 57 52 42
45x38: 40 27 31 28 24 30
36x47: 41 51 44 37 39 46
49x49: 45 33 40 40 47 50
40x39: 37 40 41 40 37 45
35x43: 42 33 45 45 34 34
45x45: 60 49 55 52 60 37
47x50: 30 44 38 42 53 32
49x44: 55 58 49 57 58 56
45x48: 69 45 59 47 55 55
37x37: 24 18 31 29 20 22
45x48: 65 52 51 52 58 54
40x50: 52 58 45 51 58 45
40x47: 44 45 60 54 46 42
43x39: 44 40 54 44 46 31
40x40: 43 31 44 42 44 43
45x35: 43 41 37 37 43 41
35x38: 36 36 32 24 42 33
42x35: 25 19 41 23 20 25
40x45: 32 31 34 33 27 37
48x42: 57 46 40 50 65 54
44x41: 43 49 50 46 48 42
42x48: 41 43 35 30 35 39
41x36: 21 27 21 30 30 26
35x48: 36 28 27 29 26 30
38x50: 47 51 41 56 52 48
37x36: 32 32 34 37 48 25
41x35: 39 46 46 35 26 27
47x39: 39 37 41 47 73 49
46x35: 47 44 39 48 34 37
44x42: 45 51 54 36 51 45
38x43: 22 33 34 23 25 31
42x47: 52 61 55 48 41 45
40x40: 45 43 39 37 45 37
50x37: 22 43 36 29 22 39
37x45: 42 54 35 49 40 38
35x41: 38 36 25 40 43 41
47x48: 62 53 53 54 57 67
36x44: 46 45 42 45 31 35
50x45: 73 53 38 65 53 66
47x47: 40 34 35 39 33 44
39x46: 46 40 37 49 51 55
40x44: 38 51 53 40 41 46
48x42: 40 48 68 60 54 43
47x35: 41 44 44 36 37 49
35x46: 39 49 38 51 36 37
42x42: 39 46 39 48 43 57
48x41: 56 41 52 52 55 48
39x48: 52 46 49 48 47 46
41x44: 55 48 44 53 47 33
39x38: 28 18 23 31 34 22
50x40: 33 35 40 33 31 36
49x46: 54 53 52 68 65 59
41x50: 58 59 69 45 49 33
41x48: 32 33 36 33 36 38
39x47: 25 31 33 35 46 24
40x36: 30 31 22 29 23 20
50x45: 38 45 35 42 41 39
43x43: 35 29 26 40 35 30
36x42: 30 24 25 26 27 36
50x44: 52 54 58 54 64 57
50x36: 31 32 35 27 25 42
44x44: 47 52 42 61 53 47
40x41: 45 49 44 32 37 42
48x37: 36 35 31 24 34 31
41x50: 37 32 30 24 36 49
42x38: 37 36 50 42 40 41
50x49: 36 52 46 39 44 39
44x48: 57 61 59 50 46 50
45x38: 43 42 41 48 47 44
47x42: 36 34 42 40 30 27
35x44: 20 21 24 32 26 31
47x44: 32 44 36 31 29 37
41x42: 47 42 44 35 55 41
46x37: 43 42 41 46 44 47
40x42: 50 44 44 38 40 41
38x44: 36 44 46 53 48 34
46x38: 34 32 25 29 28 31
50x41: 51 43 52 55 57 59
48x35: 23 21 36 26 39 31
50x41: 40 28 38 37 38 26
49x43: 59 51 58 58 43 55
35x36: 25 30 32 41 29 39
43x50: 60 46 65 56 61 44
46x39: 34 37 28 35 29 31
38x47: 31 34 26 31 24 33
45x45: 63 55 50 53 37 52
36x39: 39 31 32 40 32 43
46x47: 55 49 57 53 61 58
46x45: 41 43 37 32 35 36
44x48: 40 36 42 33 32 41
41x38: 38 44 46 38 38 35
43x35: 42 31 43 37 30 47
41x50: 39 26 41 32 35 34
35x39: 34 33 44 31 34 33
47x39: 35 41 33 27 31 27
40x36: 15 33 34 23 19 31
40x45: 39 48 53 38 53 45
38x36: 38 31 32 32 35 42
41x46: 28 30 29 35 38 35
46x39: 42 55 45 34 40 56
47x47: 33 39 42 35 32 44
50x50: 55 65 66 75 63 64
48x50: 38 42 52 47 43 34
46x39: 50 38 53 37 47 49
36x40: 27 27 27 31 21 23
46x37: 33 30 27 28 30 31
47x36: 53 44 43 47 32 41
49x45: 59 60 49 57 65 51
43x50: 43 66 55 56 61 51
50x39: 53 49 49 57 47 47
47x45: 46 63 51 50 58 57
49x41: 51 45 50 56 67 44
39x48: 56 47 52 35 51 44
35x35: 19 26 27 39 38 43
37x49: 42 44 50 55 42 48
40x48: 54 48 43 48 53 50
41x46: 36 33 31 37 29 29
41x46: 48 53 37 57 48 50
42x45: 39 55 42 53 66 40
46x45: 58 41 48 57 69 49
41x50: 58 46 61 55 57 40
46x36: 30 35 34 27 27 26
37x35: 36 32 28 27 41 35
37x48: 40 43 55 36 48 49
38x43: 34 24 26 23 36 24
48x42: 49 32 49 31 29 33
36x44: 26 22 27 32 32 28
38x45: 35 40 42 52 45 52
44x36: 36 53 39 39 43 34
48x35: 39 52 43 42 41 41
49x40: 49 51 45 61 45 53
50x45: 46 46 73 58 62 62
45x37: 49 36 46 38 43 43
44x35: 31 44 48 40 36 38
42x48: 47 41 41 39 23 32
42x35: 37 41 31 41 34 43
39x38: 25 21 27 31 28 24
47x42: 41 37 37 26 38 31
41x50: 41 67 48 57 46 57
37x42: 41 42 37 48 35 38
41x37: 40 36 31 47 39 43
43x41: 25 26 31 33 36 30
38x40: 44 30 38 37 42 43
44x44: 26 38 22 31 46 32
38x42: 37 38 39 48 35 50
41x37: 37 49 33 38 35 41
48x47: 57 58 48 61 70 56
38x44: 42 37 49 36 46 46
35x42: 29 26 30 23 24 22
46x45: 38 34 53 36 30 34
44x46: 31 36 42 27 38 36
36x46: 44 40 49 36 42 42
43x35: 28 33 32 20 21 20
38x35: 36 33 38 25 31 39
38x50: 47 39 63 45 52 46
38x47: 55 41 41 45 48 45
38x43: 39 40 48 41 46 38
36x38: 40 24 36 37 39 36
48x35: 23 33 37 30 22 30
50x41: 29 38 34 42 30 34
38x38: 48 30 39 35 37 33
47x48: 40 45 35 41 41 37
42x37: 33 44 41 35 48 38
40x39: 24 23 30 24 34 33
36x38: 29 20 34 16 23 22
38x49: 52 42 46 57 44 48
40x41: 37 37 40 38 46 54
45x44: 47 28 36 36 24 38
35x36: 28 40 27 32 31 36
48x41: 23 37 39 37 33 38
38x43: 40 42 45 34 46 43
38x36: 37 45 33 25 36 32
36x39: 28 29 22 31 14 31
49x47: 49 66 56 63 62 60
46x41: 31 35 32 34 27 35
43x39: 53 55 38 30 45 34
40x42: 45 49 43 35 46 39
50x36: 47 43 47 38 48 52
42x38: 44 39 39 38 48 38
38x41: 50 40 38 35 37 38
38x45: 33 30 33 25 33 25
48x46: 39 37 48 39 38 39
37x47: 47 50 39 34 46 49
40x37: 20 20 30 32 28 25
47x42: 46 58 45 60 45 52
39x37: 30 27 33 26 19 21
35x37: 36 38 33 32 32 28
47x46: 40 38 33 33 40 41
49x48: 34 44 41 47 39 50
38x40: 40 34 36 37 35 51
44x50: 52 67 47 50 65 57
40x35: 33 30 27 56 32 43
35x41: 38 46 29 35 53 22
44x43: 57 53 55 51 41 34
41x43: 50 37 31 51 52 53
47x49: 48 58 46 61 59 83
45x47: 65 68 52 49 47 42
40x36: 36 33 37 39 34 43
38x49: 38 45 58 49 48 49
50x35: 26 32 34 26 33 25
39x35: 25 26 19 23 30 20
44x48: 33 49 32 43 36 30
49x40: 51 60 45 44 50 50
44x35: 37 40 35 39 54 34
48x39: 53 35 33 31 24 32
36x36: 16 28 24 23 23 29
40x43: 21 31 29 33 40 28
37x44: 59 34 34 39 49 36
39x40: 27 29 26 36 23 28
37x44: 24 25 30 37 31 21
43x36: 26 26 27 37 27 24
49x42: 55 43 53 59 48 60
45x50: 38 44 45 36 37 40
49x40: 66 46 41 57 46 47
37x45: 50 30 41 57 38 44
44x35: 35 47 39 43 39 35
43x46: 42 59 41 49 49 64
36x49: 28 31 40 22 38 32
35x48: 31 29 29 27 30 29
47x35: 25 29 31 32 19 28
42x50: 52 52 61 55 49 54
47x48: 44 47 38 35 38 38
45x38: 35 27 29 31 31 26
36x45: 41 46 49 39 35 38
44x36: 21 22 34 34 23 33
35x48: 32 45 45 54 44 42
44x38: 26 25 26 36 29 26
47x40: 32 27 34 28 25 49
35x35: 38 30 24 32 32 33
49x44: 51 28 43 39 33 30
45x41: 51 46 56 51 54 28
48x46: 54 63 61 60 64 40
40x46: 46 47 39 64 47 45
37x40: 41 34 46 32 44 30
40x44: 37 29 32 29 31 23
37x48: 46 41 45 58 46 41
47x46: 51 58 52 66 57 52
40x50: 44 47 48 61 60 52
44x45: 30 41 38 35 29 37
42x47: 44 44 60 57 51 50
50x43: 48 34 26 34 38 43
48x41: 58 53 47 56 39 50
47x38: 31 27 25 27 34 35
50x47: 44 43 46 36 36 35
45x41: 43 43 46 48 58 48
40x43: 38 56 44 43 47 37
41x35: 30 30 42 39 38 43
37x42: 39 40 37 41 43 40
43x45: 31 32 38 42 33 33
49x45: 61 45 55 60 68 53
36x47: 43 36 48 40 46 47
43x46: 52 58 47 51 40 55
40x44: 44 45 47 46 42 47
38x47: 32 36 24 30 21 36
43x38: 28 32 31 30 27 19
41x43: 46 44 49 46 46 41
43x50: 50 53 48 61 63 59
42x40: 43 42 38 42 53 42
38x47: 37 52 52 40 42 50
35x35: 38 26 31 34 34 27
48x46: 43 45 45 42 28 36
46x44: 51 52 50 62 56 44
40x36: 34 48 32 37 38 33
41x48: 42 24 33 34 30 44
41x49: 30 41 21 34 45 37
47x43: 46 60 48 46 61 50
47x45: 47 50 60 58 50 61
48x49: 62 53 54 69 62 65
47x35: 52 45 44 44 35 33
49x44: 33 28 44 38 42 39
37x41: 40 37 37 28 42 47
43x39: 52 42 42 37 38 45
40x46: 44 53 37 54 52 46
50x39: 45 54 47 44 53 56
44x47: 46 59 58 47 54 53
48x45: 45 51 68 53 64 52
43x42: 45 54 45 48 49 38
40x46: 36 31 35 31 33 29
37x38: 24 24 26 24 17 29
45x48: 46 50 43 41 24 36
43x43: 38 31 24 39 28 36
35x35: 22 11 23 22 20 22
35x46: 42 43 32 40 37 53
38x50: 47 61 50 41 39 51
45x38: 33 29 28 30 26 34
49x46: 41 36 35 52 40 36
44x50: 50 35 39 37 33 29
42x42: 34 31 31 36 29 34
45x41: 32 29 43 35 29 26
43x36: 37 40 40 34 48 39
41x42: 47 39 48 43 44 44
49x35: 46 50 46 48 28 45
37x49: 56 35 32 55 50 54
48x50: 68 58 58 57 67 61
38x39: 35 42 35 36 40 40
46x45: 48 61 49 55 50 56
41x45: 41 31 44 28 22 29
46x50: 62 53 67 54 60 57
46x42: 49 54 57 45 42 48
47x41: 55 39 55 42 53 51
36x41: 32 48 34 35 35 42
39x37: 23 21 28 27 20 36
50x42: 48 60 63 47 51 52
41x46: 50 44 55 48 52 42
47x40: 33 35 34 27 32 34
46x48: 56 62 53 62 52 56
44x40: 35 49 49 45 52 42
35x47: 38 39 45 56 41 38
47x41: 38 27 37 36 25 31
48x40: 30 51 33 29 31 34
50x41: 39 44 61 47 67 58
45x37: 41 50 42 26 45 48
41x35: 34 40 43 36 38 30
45x37: 40 42 40 41 50 44
40x38: 32 35 45 41 34 47
40x45: 46 44 52 43 43 48
46x48: 63 53 51 48 67 57
49x37: 31 56 40 39 53 59
40x36: 45 29 47 29 39 31
36x43: 46 33 41 33 44 40
48x48: 41 45 41 36 42 50
45x36: 29 27 31 36 27 29
40x38: 23 30 26 24 28 25
35x46: 26 35 30 32 19 23
36x37: 38 34 35 34 27 36
45x45: 38 23 41 43 44 36
36x42: 37 48 31 37 42 38
47x38: 57 40 50 51 36 41
45x43: 48 57 51 45 59 38
39x48: 31 30 35 41 38 33
35x40: 37 29 40 31 42 36
45x40: 43 19 36 28 31 38
50x47: 42 40 32 42 41 42
43x42: 40 56 39 49 47 48
35x45: 37 42 36 52 40 39
35x48: 43 52 33 51 42 40
50x36: 44 30 28 25 34 30
39x39: 38 40 41 32 37 44
37x43: 36 34 54 43 35 43
40x49: 59 43 46 46 52 55
37x48: 19 36 33 38 31 35
37x40: 46 35 29 46 29 44
37x37: 37 35 39 37 33 30
43x43: 37 38 35 24 26 36
45x49: 36 31 37 42 54 40
38x46: 41 45 53 42 43 44
46x44: 35 36 31 27 43 37
39x50: 27 46 36 35 33 31
42x43: 38 33 30 24 41 30
43x37: 49 50 35 33 42 34
42x43: 25 33 38 39 31 30
36x40: 35 33 43 33 46 32
39x43: 50 32 49 46 41 41
37x47: 34 55 43 37 41 55
47x49: 54 67 74 62 49 48
39x49: 34 30 35 28 42 38
43x43: 51 45 53 42 38 53
41x36: 27 26 30 29 19 25
41x48: 34 34 40 28 32 39
38x48: 43 38 51 55 37 58
49x45: 56 66 66 66 41 45
40x49: 51 57 55 46 53 39
45x46: 58 58 45 50 46 60
42x47: 62 53 44 42 55 46
50x45: 46 37 39 31 41 45
39x45: 44 46 54 42 48 36
36x44: 37 41 42 40 48 37
48x35: 26 25 39 25 33 28
36x49: 39 34 37 28 31 22
49x41: 34 28 32 42 43 28
35x35: 23 20 15 21 25 16
43x46: 58 37 51 53 41 64
35x36: 20 28 18 23 22 21
47x49: 69 54 71 55 49 54
35x47: 25 47 54 45 41 42
42x47: 30 34 37 43 39 27
38x48: 43 44 48 56 50 43
35x42: 27 25 27 27 24 23
40x42: 32 35 26 24 33 32
38x45: 50 46 41 31 47 45
36x48: 55 42 50 35 41 40
39x46: 48 40 45 56 51 40
41x48: 39 47 53 49 54 61
50x48: 62 67 64 69 57 52
45x38: 26 27 44 34 24 25
47x40: 46 56 59 40 53 34
44x39: 28 36 36 29 32 20
48x43: 35 42 39 39 38 31
46x39: 27 27 35 34 35 37
37x41: 23 47 41 38 49 37
41x40: 49 43 37 45 54 27
38x45: 46 27 51 50 43 48
47x50: 66 54 71 53 48 66
38x37: 29 40 42 38 36 32
45x50: 52 55 55 67 56 64
50x45: 70 70 48 57 55 46
44x37: 26 24 25 38 22 32
46x48: 56 63 61 44 48 63
48x42: 42 43 49 61 52 66
48x41: 27 35 37 30 43 35
37x46: 30 32 23 22 38 35
43x48: 39 64 63 44 51 54
36x44: 45 43 36 44 40 37
44x39: 56 30 54 48 48 30
46x49: 47 63 63 68 52 56
42x39: 28 25 32 41 22 34
41x43: 54 39 33 50 46 51
42x37: 41 50 46 34 34 32
45x41: 55 52 44 46 49 38
45x47: 48 69 49 42 59 56
40x37: 24 23 32 30 23 24
37x41: 31 38 36 46 40 45
40x49: 60 42 52 47 44 55
36x47: 41 39 41 42 43 54
49x46: 40 38 34 41 42 45
36x37: 29 37 33 47 27 35
41x49: 55 59 52 46 52 44
50x41: 35 30 43 29 39 31
49x49: 60 66 61 59 69 55
50x50: 42 43 48 42 36 45
50x48: 42 46 45 43 43 37
43x35: 22 27 28 22 29 26
46x44: 32 34 41 40 31 32
36x38: 38 25 12 21 24 23
47x46: 45 40 35 33 31 41
41x42: 54 31 38 49 48 47
43x37: 42 42 45 42 39 35
44x38: 31 24 22 29 36 26
40x43: 28 33 36 19 35 30
46x40: 42 23 34 30 35 30
49x39: 55 50 50 51 42 46
41x46: 32 39 40 35 24 24
43x42: 24 39 34 37 31 31
50x48: 44 46 44 51 26 44
35x44: 24 19 23 24 32 31
49x43: 54 51 45 65 56 57
45x48: 35 34 43 42 47 38
48x47: 30 54 39 47 35 34
37x45: 30 25 33 32 22 37
45x49: 58 55 56 53 54 62
45x45: 63 46 44 62 41 57
37x43: 38 33 47 43 50 36
45x45: 55 51 65 50 42 47
48x46: 43 33 46 38 38 42
39x41: 40 35 47 46 37 42
43x39: 37 30 30 20 34 30
49x46: 37 46 37 43 36 41
44x43: 43 50 58 45 39 54
35x36: 37 33 34 22 31 34
39x37: 35 36 31 47 44 33
37x48: 31 52 54 45 44 47
44x40: 32 28 30 22 36 33
38x38: 23 24 23 25 25 23
38x43: 31 23 28 24 30 31
36x35: 28 31 36 34 28 37
36x38: 25 25 14 27 27 26
48x41: 44 55 48 52 62 44
35x50: 26 18 28 42 27 34
41x49: 60 47 54 57 44 48
35x45: 27 22 30 29 28 28
47x35: 34 39 44 55 49 37
44x42: 38 37 25 33 38 24
45x43: 33 30 39 37 31 39
44x50: 33 37 44 37 33 40
38x35: 38 31 36 42 34 26
36x36: 30 30 32 34 35 39
40x39: 39 42 37 38 29 53
40x45: 40 32 34 33 26 30
50x48: 42 46 43 43 43 39
43x37: 31 39 45 50 36 46
50x41: 37 28 37 27 37 41
49x35: 42 39 53 44 44 42
43x40: 42 22 24 28 34 32
40x45: 49 43 46 55 34 51
44x49: 43 41 35 38 34 33
35x48: 31 29 29 29 27 30
43x50: 63 53 58 56 54 47
46x43: 30 40 34 41 33 31
35x38: 35 35 38 35 27 34
42x41: 42 29 31 33 23 23
45x38: 51 45 42 43 43 39
42x36: 28 47 42 40 44 33
35x45: 46 44 40 37 43 32
49x42: 66 43 52 55 48 53
49x48: 55 56 57 60 59 75
47x40: 48 52 50 46 43 49
50x41: 35 32 33 22 39 46
40x45: 51 46 41 45 47 47
47x47: 50 36 32 33 29 45
40x45: 32 30 41 27 37 28
49x39: 46 44 44 60 40 62
48x35: 20 46 28 26 25 30
45x39: 41 43 50 39 48 48
38x40: 22 33 24 27 23 27
35x46: 22 32 17 30 28 35
50x40: 34 36 31 39 32 35
44x46: 34 32 40 30 40 34
